300
41
83
12
50
5
10
44
73
-9
52
86
28
88
57
88
83
46
6
9
24
75
77
95
73
20
87
65
-7
95
1
3
83
7
81
79
30
-10
83
90
52
37
-2
15
68
74
40
59
48
83
89
95
39
32
1
72
-5
49
86
35
-9
54
-6
53
54
-18
20
34
25
64
50
22
26
61
78
75
95
-18
70
54
-9
88
8
-1
56
93
45
74
91
35
54
48
76
-14
65
7
34
86
89
-11
61
64
82
4
69
47
98
60
34
63
83
11
62
96
94
67
-7
-12
40
72
58
72
90
98
67
10
74
22
89
29
93
92
37
24
37
9
-1
65
77
8
45
-15
96
75
10
10
55
85
24
-2
1
71
-2
-14
4
74
80
4
47
37
68
39
11
76
52
-8
-16
26
21
12
20
9
-4
-19
85
61
52
30
42
74
10
3
60
15
68
-11
19
14
44
9
75
13
82
91
21
32
-16
68
94
39
43
87
14
16
41
13
64
-6
74
94
60
21
56
34
55
14
21
76
-1
88
54
45
5
41
81
78
71
62
-19
21
-2
50
3
87
70
-5
63
55
72
72
80
19
-3
-17
90
-8
96
85
-8
11
68
64
43
64
1
44
77
61
2
14
60
24
94
84
95
44
68
54
93
1
11
94
23
87
92
78
18
35
20
42
5
2
40
16
71
89
41
29
75
-1
-15
90
35
2
74
54
47
76
74
37
28
