0.00020368
0.000520977
-0.000205254
0.000331034
0.0014392
-0.000347433
2.92845e-05
-9.25891e-05
-7.7342e-05
0.000133711
-7.89519e-05
0.00214948
0.000475881
0.00183501
0.000322897
0.00571633
0.000119384
0.000426944
4.54789e-05
0.000309121
0.000412464
0.000553658
-0.00182592
0.00660264
0.000256918
-7.13127e-05
0.00343779
-0.019533
0.0011957
-0.000962299
-0.00391786
0.00102913
-0.000172309
-0.000202737
-0.000365035
-0.0015324
-9.09811e-05
-0.00126849
0.000200043
-0.000165128
0.000538375
0.00487426
0.00218509
0.00131222
-0.00013498
0.000721905
0.000185413
-6.67681e-05
0.0016569
-0.000579274
0.000150267
-0.000584946
0.000474701
0.000529477
7.00152e-05
0.000335039
0.000590411
-0.000764481
-6.04979e-05
0.000441745
0.000443338
-0.00028687
0.000381319
0.00299305
-0.000202164
-5.32543e-05
0.000184499
-6.48096e-05
-0.00195404
-5.458e-05
0.000131404
0.000796633
0.000364237
0.000553029
0.000369709
0.00050974
-0.000393712
-0.00185972
2.75562e-05
-0.000465571
0.000387678
-0.000161346
0.000321525
-0.00493338
0.000410784
0.00205259
0.00113705
0.000120195
0.000337342
-0.00772454
9.91151e-05
-6.96981e-06
0.00060107
0.00153219
-9.12912e-05
-6.52682e-05
0.00183459
6.21512e-05
0.000262756
0.000680767
0.0014507
1.39633e-05
0.000134323
0.000604076
0.000186772
0.000197436
-4.86025e-06
7.2657e-05
0.00560145
0.00027947
-0.000108464
0.000726798
-0.0061381
0.000736422
0.000217424
-2.65906e-05
0.00213561
0.000928974
0.000128259
-0.00058989
0.000207612
0.00024669
0.0337341
0.000793597
5.41086e-05
-0.000553905
0.000403082
-0.000126419
0.00104534
0.000121515
4.67982e-05
0.000544658
-0.00149327
0.000263462
-0.000134203
-0.00150481
7.6337e-05
0.000622961
0.00045465
0.000136905
0.0046742
0.00114589
-0.000116559
0.000295227
0.00032742
5.50021e-05
0.000135118
0.00051415
2.15761e-05
0.00336978
7.78569e-05
-0.000126477
0.000282718
0.0103877
0.000535616
-0.000111455
-0.000101055
-0.000194669
0.000286723
0.00117056
0.000176898
-0.000261279
-0.00248554
3.24714e-05
0.00154949
0.000802398
0.000275361
-4.8179e-05
0.00151756
0.000689773
0.00271266
0.00430953
0.000670822
-0.00463111
0.00049684
0.00078196
0.000441648
-0.000436492
0.000371234
-0.00253478
0.000289784
0.000184433
-0.00295914
3.22587e-05
0.000874711
-0.000344039
9.56358e-05
0.000391885
-0.000496769
-0.000231301
0.00031564
0.00127224
-0.000156599
-0.00109724
0.000139331
0.000123556
0.000541591
0.000142135
-0.00108303
-0.00129091
-0.00246253
-0.000113066
0.000662562
0.000741369
0.00125771
-0.000126109
9.73258e-05
0.00032428
0.000356945
0.000199261
0.00010621
-0.000142416
0.00150797
0.000490307
-0.000266561
0.000341826
0.00039245
0.000219845
7.17297e-05
0.000283305
0.000218767
0.0004903
-0.000121986
0.000517844
0.000111754
0.00249891
-6.98245e-06
-0.00890267
0.000324701
0.000421879
0.000376378
-0.000102707
0.000673074
-1.53619e-05
0.00673656
-1.03979e-05
-0.0021684
0.00142846
8.12829e-05
-0.000178434
0.000470725
0.000392715
0.00270441
0.000163749
0.000345904
0.000546829
0.000273457
3.51225e-05
0.000423537
-0.00234499
0.000269329
0.000143931
0.000363389
0.000698918
-0.00935972
0.000189977
-0.00400092
-6.47319e-05
3.62448e-05
0.000939899
-0.000306471
0.000226756
0.000548081
0.00295156
0.0414649
8.69685e-05
6.33427e-05
-0.000403799
-0.000781316
0.000747556
0.000772965
0.000209322
0.0251804
0.00119043
-8.67113e-05
0.000173719
0.00117054
-0.00598647
7.64046e-05
0.000619866
0.000442218
-0.00567042
-0.000305696
0.000455698
0.000456953
-0.00221414
0.000249911
0.0029584
0.000575798
0.000645643
5.32186e-05
0.000126234
0.000199999
-0.0040926
-9.25938e-05
0.000354713
0.0206498
0.00243197
-0.000295357
-0.000188207
0.000636561
0.00380235
0.000536493
0.00267946
-0.000927307
0.000123369
-9.09725e-06
-0.000247889
0.000383631
0.000121481
0.0251587
8.84736e-07
0.00215419
0.000330689
-0.000177441
0.000364088
0.000551656
-0.00087049
0.000865448
0.00745551
1.16977e-05
0.000123038
-0.00138965
-0.000173308
-0.000146019
-0.00108049
-0.00303699
0.00233868
0.000161911
0.000333999
-6.0592e-05
-9.11207e-05
-0.000167256
0.000964554
0.000222045
-0.000279728
-0.000165194
0.000543852
0.000183457
0.000166229
0.000419454
0.000151365
-1.09936e-05
0.000456386
0.00142153
0.000292965
0.000369468
-0.0138718
0.000509708
8.39276e-05
-8.14207e-05
5.21142e-05
-0.000205659
0.00303895
8.48519e-05
0.000352412
-0.000193643
-0.00436552
-0.000224883
-0.000117289
-0.00440146
-0.000519165
-0.000287172
0.000466967
-0.00111796
0.000324297
0.000103783
0.000343366
0.000139408
-6.70739e-05
0.000194019
-0.000601456
-0.00151749
0.00024206
0.000805907
-0.000304731
0.000374888
0.000212915
0.000308849
0.00092308
-0.00542778
0.000439115
0.000375453
0.00267427
-0.000285737
0.000730194
-0.000785642
0.000624142
-8.6947e-05
-0.000175856
0.00206066
0.000254002
0.000346875
0.00194522
0.000723252
9.01689e-05
-0.000233983
-4.85069e-05
-0.000107904
-0.000624675
0.00209439
0.000334156
0.00048588
-0.00104071
0.000433901
0.00133309
0.000184129
-0.000241149
-5.89044e-05
0.000310546
0.000926644
0.000350004
0.000945549
0.000284434
0.0015737
0.00222386
0.0270404
0.00168034
-0.000180343
0.000380939
0.00141687
0.00664931
0.00013059
-0.000225127
-0.00243694
-0.0047997
6.28548e-05
0.000447297
-0.000286335
0.0045571
-0.000246373
-0.000231178
-5.68942e-05
2.412e-05
0.00067613
0.000643668
-0.00015445
-0.00160716
0.000549362
0.000685949
-0.00197491
0.000889656
-0.000989387
0.000147509
-0.000123274
0.00347764
-0.000179603
-0.00475775
-0.000207823
-2.09733e-05
-0.00113199
-0.00010729
-0.00189562
-0.000280219
0.000140603
0.00657274
-0.00171789
0.000650344
0.00072503
-0.000145235
-0.000558688
0.00437684
9.96955e-05
5.92366e-05
-0.000608439
0.000513884
0.000404669
0.00060954
0.00222644
-0.00093703
-0.00259009
0.000329168
2.48174e-06
0.000267765
0.000151479
0.00117186
0.000118472
-0.000338122
-0.000103114
0.000503633
-1.22744e-05
-0.000305033
0.000189023
0.000939361
-0.000366093
0.000715106
0.000233636
0.00146785
-0.0062213
-1.02906e-06
0.000499964
-0.000364685
0.00137061
-0.00029324
0.000747975
-0.00020123
0.00194875
0.0066327
4.66126e-05
0.000786255
0.000286242
-0.000533737
0.000310194
0.00010586
-0.00095495
-9.64906e-05
0.000666873
0.00520504
-0.00115133
0.000261424
-6.69349e-05
-0.00141536
0.000243397
-0.00144786
7.68899e-06
0.000260746
0.000151787
-0.000599069
0.000225357
0.0137829
0.0360182
-0.00566713
-0.00132336
-0.000282782
-0.000198774
0.000244407
-0.000259578
0.00177146
-3.7356e-05
-0.000159162
0.00133382
1.21907e-06
0.000974193
4.68729e-05
0.000263111
-0.00194814
-8.87396e-05
-0.00565647
0.000531501
0.000500352
6.75757e-05
0.000530862
-0.000182516
-0.000811832
-0.00270983
-0.00412155
-0.00108748
0.00019234
0.000743037
-0.000132242
-0.00228515
-0.00125413
0.000236598
8.53808e-05
0.00128407
9.16616e-05
-8.96185e-05
0.000815124
-0.000216673
0.000497295
0.000351522
0.00289223
0.000421603
-0.00417693
0.0262764
0.000527075
0.00155819
-0.000516373
-0.00317771
-0.000362952
0.000722413
0.000279928
-0.00462577
0.000174069
0.00327212
-3.69503e-05
9.70967e-05
0.000488686
-0.00405664
-0.00725796
0.000592006
0.00123246
0.00017275
0.000479351
0.000317319
0.000282402
0.00037913
-0.00210451
0.000257664
-7.91979e-05
-0.000245049
0.000169804
0.000422482
0.00074113
0.000204547
-0.000145668
-0.000559956
-0.000167143
0.000289055
-0.000969479
0.00583886
0.000374325
-0.00298574
-0.000126134
0.000685298
-0.000204015
-0.000484387
0.000910278
-0.00633636
0.000612351
0.000733696
0.000493782
-3.25283e-05
4.18528e-05
7.52602e-05
0.000353453
2.09319e-05
0.000698346
0.000621799
0.00147349
0.000355941
0.00218601
0.000260709
0.000975742
0.00139233
-0.000135833
0.000364503
0.000147368
0.000770879
-0.000312378
0.00112788
-0.00250757
-0.00428432
0.000489063
0.000652811
8.3453e-05
0.000314179
0.0019266
0.000777003
-0.000147643
0.000166799
0.00109127
0.000159747
-0.00487023
0.00193384
1.58426e-05
-0.00315258
0.00117631
-0.000135255
0.000714433
-7.92004e-05
0.000204995
-0.00212742
-0.00332722
0.000231531
-0.000212919
0.000387312
-0.000175211
-0.00325477
0.000366083
-0.000130418
0.000771651
-0.00205735
0.000141602
0.000399241
-0.0370686
0.000451373
-9.78555e-08
-0.000267441
0.000204323
-6.15642e-05
0.00288303
-5.3154e-05
-0.000144377
0.00020369
0.000608391
6.07324e-05
-5.42145e-05
0.00245101
-0.00370897
0.000215789
0.000436025
0.00032462
0.00163472
0.000382679
0.00174817
0.00164873
0.000442665
0.000957187
-0.000217614
0.000101011
0.000499519
-0.0013214
6.69568e-05
0.000431838
0.00137917
0.00068796
8.65972e-05
0.0021495
-0.000199305
0.00055646
-0.000189544
-0.000255118
0.000547382
-0.000371509
0.00306738
0.000290876
0.000965606
-0.00057674
-4.31045e-05
0.0133561
0.00022872
-7.08475e-05
0.000489724
5.28769e-05
0.000274414
-0.000749014
-0.00010898
-0.0001687
1.26581e-05
0.000617146
9.66579e-05
-0.000199368
-4.01705e-06
0.00154811
-4.94134e-05
0.000544192
-0.000981845
-0.00265262
-0.00110879
-5.82268e-05
0.00143139
0.000260012
0.000935176
0.0020091
0.0137917
-0.00823235
-0.00011167
0.000101999
0.000460083
0.00040721
1.05416e-05
0.000213739
2.00239e-05
0.00506617
-8.32305e-05
5.94835e-06
0.000287779
0.000446211
-0.0114344
3.16572e-05
-0.00185295
-8.88767e-05
-0.000508959
-0.000175638
0.000655941
-7.60723e-05
0.000571376
-0.000197535
-0.000710398
0.000226142
-0.000200964
5.20009e-05
0.00117474
0.00237727
-2.89025e-05
0.00045573
0.00113398
-0.000488874
0.000459392
0.0015598
-3.55225e-05
0.000384064
0.00140725
0.000549135
0.000451748
-0.000267106
0.00713484
0.000401383
2.53711e-06
0.000193692
0.00470508
0.000434684
-8.31033e-06
0.000116497
-0.00277248
-0.00293314
0.000150115
-3.25004e-05
0.000378611
-0.000540021
0.00280319
0.000483073
0.000647206
-0.00389871
0.00209068
-9.7488e-05
0.00406446
0.000293135
-0.000848944
